              precision    recall  f1-score   support

        ALDE     0.4041    0.2688    0.3228      1332
         ECR     0.3606    0.3629    0.3618       631
     GUE/NGL     0.8101    0.7130    0.7584       993
  Greens/EFA     0.5459    0.4600    0.4993       750
          ID     0.9038    0.2428    0.3827       968
         PPE     0.6674    0.6968    0.6818      5970
         S&D     0.4853    0.6410    0.5524      3504

    accuracy                         0.5853     14148
   macro avg     0.5967    0.4836    0.5085     14148
weighted avg     0.6036    0.5853    0.5769     14148
